-0.196435,0.593482,0.039325
-0.355690,0.294237,0.041711
-0.132619,0.381705,0.133748
-0.229044,0.678906,0.108665
-0.160389,0.292399,-0.137668
-0.370030,0.527022,-0.018422
-0.252396,0.582223,-0.065036
-0.186365,0.335073,-0.106290
-0.222659,0.731987,0.247162
-0.346903,0.348105,-0.158590
-0.061623,0.456164,-0.040566
-0.076639,0.402737,0.017493
-0.165102,0.208153,-0.227001
-0.273654,0.533012,0.012966
-0.198753,0.726788,0.013225
0.067890,0.539657,-0.058326
-0.181233,0.584439,-0.293776
-0.072553,0.537691,-0.145305
-0.364459,0.389150,0.137108
-0.533416,0.405053,-0.371710
-0.444155,0.241626,0.086443
-0.465405,0.325326,0.211889
-0.178229,0.654128,-0.160214
-0.394273,0.333356,0.068287
-0.116311,0.490103,-0.198439
-0.197603,0.527668,0.138662
-0.394066,0.610755,0.080567
-0.448208,0.517674,-0.031403
-0.341461,0.518819,0.002279
-0.289750,0.555920,-0.243033
-0.075833,0.547840,0.018852
-0.244230,0.507348,0.160248
-0.266747,0.795723,-0.230052
-0.539279,0.489041,-0.224194
-0.118705,0.891090,-0.028928
-0.118180,0.398510,0.031780
-0.209967,0.503284,0.252952
-0.285780,0.805059,0.026404
-0.276258,0.345491,-0.019897
-0.366392,0.410432,0.116710
-0.147938,0.730166,-0.235567
-0.441264,0.768691,-0.272290
-0.081881,0.456496,-0.308648
-0.202354,0.430341,-0.204790
-0.192463,0.669274,-0.281985
-0.059627,0.640134,-0.079483
-0.238240,0.853479,-0.119053
-0.151308,0.541123,-0.191610
-0.177777,0.709120,-0.243781
-0.197166,0.316863,-0.177304
-0.198155,0.598136,-0.110694
-0.324720,0.586803,0.175832
-0.224595,0.449961,-0.117568
-0.617205,0.360564,-0.102045
-0.153490,0.419940,-0.161557
-0.404860,0.433751,-0.083331
-0.319846,0.280356,0.140912
-0.142376,0.510912,-0.379721
-0.369889,0.523013,-0.134155
-0.211991,0.517643,-0.054473
-0.150017,0.730823,-0.147233
-0.347634,0.296558,0.108762
-0.271463,0.481481,0.098698
-0.357873,0.554752,-0.046814
-0.316211,0.532160,-0.198973
-0.212306,0.540567,0.189372
-0.060448,0.380356,-0.213066
-0.110366,0.388946,0.136170
-0.292106,0.334014,-0.327555
-0.355510,0.425286,0.069878
-0.271462,0.581167,-0.072460
-0.126995,0.479937,-0.019157
-0.237720,0.572182,0.151189
-0.435280,0.633040,-0.065930
-0.098223,0.096958,-0.136750
-0.336510,0.594282,0.088863
-0.414007,0.761914,-0.006225
-0.262502,0.773203,0.161081
-0.369333,0.619408,-0.145195
-0.232245,0.441512,-0.094778
-0.221555,0.603560,0.047594
0.079438,0.458493,0.088037
-0.407790,0.572148,-0.111872
-0.429122,0.540130,-0.321914
-0.029217,0.792548,-0.055519
-0.102625,0.750664,0.046079
-0.191725,0.581605,-0.203803
-0.149349,0.355095,-0.270504
-0.209338,0.647115,0.231598
-0.100169,0.531801,-0.271520
-0.144859,0.381374,-0.118334
-0.070196,0.555424,0.034980
-0.192105,0.618222,0.021124
-0.133548,0.492691,0.118911
-0.024924,0.271691,-0.156382
-0.360786,0.412669,-0.048391
-0.097243,0.652504,0.061012
-0.367409,0.401437,-0.067040
-0.274363,0.283178,-0.207295
-0.237031,0.444299,-0.096874
-0.757927,0.216438,-0.407516
-0.754135,0.282711,-0.305316
-0.643318,0.180597,-0.369047
-0.880165,0.079961,-0.374177
-0.900648,0.468122,-0.270096
-0.697276,0.320780,-0.570813
-0.869647,-0.064189,-0.403242
-0.558846,-0.025461,-0.293855
-0.845620,0.037339,-0.263662
-0.952212,0.089316,-0.362748
-0.933499,0.336299,-0.301721
-0.759430,0.267047,-0.579257
-0.891086,0.019298,-0.367447
-0.807062,0.106862,-0.212288
-0.824965,0.223135,-0.472585
-0.778590,0.093881,-0.720925
-0.822859,0.329588,-0.301071
-0.850581,0.230974,-0.528337
-0.832540,0.329617,-0.470141
-0.963144,0.129726,-0.390775
-0.818883,0.190873,-0.117111
-0.597371,0.220224,-0.444524
-0.762698,0.287567,-0.411430
-0.698560,0.185292,-0.529841
-0.757704,0.018283,-0.476058
-0.765307,0.257028,-0.255087
-0.776081,0.342193,-0.417418
-0.641708,0.109919,-0.452748
-0.781698,0.097774,-0.491590
-0.933702,0.244324,-0.431472
-0.734690,0.226698,-0.264495
-0.737650,0.098713,-0.397906
-0.861600,-0.018406,-0.587137
-0.595488,0.191029,-0.366828
-0.958483,0.060944,-0.275667
-0.829527,0.379631,-0.211547
-0.827105,0.249783,-0.450216
-0.727384,0.037964,-0.560505
-0.755637,0.297624,-0.634438
-0.787213,0.188380,-0.409150
-0.718858,0.166227,-0.396476
-0.856449,0.182788,-0.543758
-0.731420,0.202995,-0.549529
-0.701271,0.231278,-0.482177
-0.854226,0.179281,-0.483245
-0.959943,0.142590,-0.318620
-0.744135,0.319392,-0.578291
-0.979415,0.074866,-0.331750
-0.815691,0.096094,-0.359590
-0.826806,0.192966,-0.452404
-0.631409,0.192264,-0.470190
-0.812248,0.228587,-0.466941
-0.856386,0.144872,-0.465757
-0.924607,0.209805,-0.486824
-0.917987,0.309258,-0.387190
-0.567977,0.336137,-0.519338
-0.835724,0.272535,-0.318165
-0.888740,0.042070,-0.329398
-0.538345,-0.145527,-0.120703
-0.882848,-0.012958,-0.452265
-0.561227,0.231951,-0.478500
-0.703603,0.216435,-0.216766
-0.914708,-0.002777,-0.244941
-0.815032,0.169019,-0.299755
-0.768315,0.216534,-0.519365
-0.686481,0.422730,-0.419708
-0.851028,0.276906,-0.600893
-0.877929,0.143145,-0.630083
-0.776775,0.067961,-0.524032
-0.625270,0.073118,-0.607774
-0.861523,0.316898,-0.532026
-0.416466,0.068371,-0.485562
-0.805464,0.174284,-0.361677
-0.714467,0.404321,-0.402188
-0.947092,0.293172,-0.482626
-0.907182,-0.082175,-0.631147
-0.963606,0.119275,-0.581722
-0.744074,0.331098,-0.373666
-0.842205,0.379168,-0.646120
-0.807968,0.167121,-0.557130
-0.774487,0.190468,-0.432468
-0.881920,-0.006873,-0.564019
-0.784015,0.089829,-0.180585
-0.714741,0.048524,-0.385220
-0.798376,0.175026,-0.411942
-0.874039,0.071851,-0.495534
-0.878956,0.256560,-0.300234
-0.864935,0.130427,-0.405736
-0.986199,0.062866,-0.611379
-0.826409,0.244303,-0.314567
-0.904203,0.196708,-0.308534
-0.586014,0.054590,-0.479297
-0.508021,0.412983,-0.545145
-0.798776,0.116054,-0.560765
-0.863451,0.145051,-0.225498
-0.921611,0.186909,-0.496342
-0.652536,0.109704,-0.614039
-0.967850,0.252406,-0.343358
-0.687047,0.161877,-0.475256
-0.762608,0.265123,-0.506073
0.731406,-0.582321,0.890962
0.132355,-0.329886,0.934567
-0.296793,-0.306719,0.896348
0.646496,-0.278292,0.805811
-0.054964,-0.212538,0.753136
-0.007602,-0.134914,0.942104
-0.322416,-0.166521,0.856540
0.827794,-0.294475,0.944631
0.345616,-0.122571,0.401958
0.222964,-0.199120,0.655443
0.247338,-0.050889,0.982198
0.032791,-0.320285,0.915277
-0.112189,-0.296829,0.708156
0.370263,-0.199098,0.831475
-0.178599,0.053643,0.466808
0.329602,-0.560890,0.781982
0.904119,-0.327514,0.943135
-0.145441,-0.358734,0.632054
0.196210,-0.201962,0.881635
0.207286,0.268265,0.940795
0.177928,-0.419700,0.869548
0.514711,-0.276376,0.583883
0.038038,-0.140508,0.493131
0.101620,-0.208456,0.935777
0.567255,-0.729177,0.721965
0.222479,-0.111998,0.578786
0.281046,-0.354399,0.980931
-0.299987,-0.116109,0.894315
0.337598,-0.047356,0.930678
0.611655,-0.343212,0.860263
-0.208089,0.060772,0.619224
0.276374,0.071533,0.652393
0.322977,-0.470878,0.880119
0.611834,-0.364098,0.691807
0.464691,-0.032902,0.974109
0.256334,-0.387177,0.894758
0.501172,-0.023668,0.745935
-0.085795,-0.445246,0.972474
-0.001900,-0.524701,0.609832
0.099677,0.092344,0.848737
0.213856,-0.371056,0.821326
0.231675,-0.363833,0.759027
0.712983,-0.153200,0.906634
0.250522,-0.013606,0.698839
-0.124355,-0.305239,0.966776
0.278585,-0.431062,0.793532
0.517514,-0.200299,0.835592
0.383430,-0.737486,0.673003
0.392318,-0.317346,0.598086
0.318707,-0.345886,0.814021
0.107317,-0.292534,0.661080
0.129387,-0.234685,0.818811
0.249853,-0.045118,0.664161
0.185816,-0.558593,0.231114
0.327637,0.252387,0.866807
0.504747,0.224470,0.738937
0.241117,-0.258570,0.898424
0.625471,-0.251890,0.995051
0.351521,-0.263222,0.955475
0.686534,-0.699342,0.575168
0.081700,-0.002270,0.940482
0.167792,-0.222562,0.865619
-0.036363,-0.540430,0.961115
-0.009489,-0.309642,0.881005
0.243994,-0.116262,0.936636
-0.150879,-0.540705,0.652814
0.180609,-0.570134,0.951914
0.123429,-0.466028,0.671545
0.415052,-0.538175,0.923384
0.108769,-0.456837,0.789116
0.471347,-0.026231,0.659506
0.555313,-0.080498,0.581546
0.279528,-0.166405,0.696418
0.508691,-0.023827,0.693495
0.036858,-0.560522,0.803706
0.221889,-0.055498,0.687722
0.058759,-0.217091,0.671184
0.387655,-0.278978,0.794986
0.138015,-0.371150,0.625919
0.275547,-0.253200,0.582478
0.104159,0.222083,0.834277
0.243113,0.211701,0.533863
0.231653,-0.394142,0.426731
0.133553,-0.269135,0.580432
0.492738,0.002495,0.784865
0.485326,0.112532,0.878404
-0.025802,-0.463860,0.936197
0.542304,-0.030635,0.885969
-0.509662,-0.217413,0.463393
0.148377,0.288916,0.808269
0.176723,-0.169329,0.881111
0.482285,-0.329582,0.951563
0.288496,-0.705260,0.693542
0.284238,0.193080,0.486410
0.237087,-0.678329,0.707254
0.387232,-0.047531,0.657393
0.186155,-0.154899,0.923571
0.455875,-0.410091,0.751133
0.373849,-0.471016,0.664333
0.115368,0.147089,0.792122
0.922281,-0.721480,-0.785694
0.864204,-0.818364,0.063642
0.943112,-0.661246,-0.587116
0.544755,-0.826745,-0.204993
0.853314,-0.691061,-0.307092
0.702406,-0.907124,-0.742763
0.687790,-0.415456,-0.618785
0.514045,-0.740259,-0.646824
0.541948,-0.708994,-0.255886
0.847653,-0.989774,-0.555396
0.278065,-0.923955,-0.803950
0.453420,-0.957473,-0.252768
0.522611,-0.746682,-0.309881
0.850771,-0.985997,-0.547127
0.947455,-0.837727,-0.297501
0.929237,-0.772105,-0.632644
0.619932,-0.930015,-0.450163
0.814166,-0.796013,-0.602474
0.370033,-0.907099,-0.397315
0.753249,-0.711841,-0.565411
0.800575,-0.899096,-0.473022
0.388193,-0.924358,-0.599838
0.227749,-0.938490,-0.349437
0.572299,-0.888695,-0.436551
0.851391,-0.795409,-0.755184
0.593581,-0.557199,-0.370777
0.887686,-0.955250,-0.799448
0.885168,-0.916627,-0.526811
0.732643,-0.641239,-0.754293
0.880585,-0.943065,-0.498966
0.587592,-0.615411,-0.401908
0.487841,-0.804473,-0.408849
0.863041,-0.889994,-0.950534
0.714229,-0.984059,-0.775073
0.859466,-0.843307,-0.708173
0.891635,-0.847149,-0.657185
0.759926,-0.536725,-0.539794
0.856963,-0.997095,-0.596435
0.565039,-0.854786,-0.399793
0.800653,-0.794094,-0.448960
0.977324,-0.712004,-0.770383
0.817272,-0.724028,-0.435347
0.449412,-0.716861,-0.577438
0.871404,-0.995856,-0.831024
0.847575,-0.837967,-0.566701
0.747485,-0.918915,-0.967892
0.747709,-0.899538,-0.308928
0.733416,-0.583523,-0.563703
0.839216,-0.987444,-0.250068
0.980071,-0.939041,-0.138648
0.793813,-0.453379,-0.731229
0.653646,-0.599099,-0.544517
0.095453,-0.924973,-0.393618
0.643284,-0.806221,-0.921060
0.921735,-0.913421,-0.536866
0.795673,-0.954002,-0.557241
0.575250,-0.863106,-0.563588
0.536069,-0.978253,-0.235359
0.715914,-0.792605,-0.111256
0.626696,-0.969076,-0.794917
0.626199,-0.947183,-0.837385
0.238056,-0.888553,-0.199383
0.577338,-0.834358,-0.702084
0.587525,-0.981329,-0.683825
0.812549,-0.683043,-0.473620
0.830100,-0.888059,-0.401789
0.839075,-0.805239,-0.279997
0.784380,-0.833376,-0.285175
0.695831,-0.403197,-0.214568
0.937924,-0.936380,-0.569386
0.879447,-0.742399,-0.814467
0.769198,-0.929643,-0.433374
0.875627,-0.965681,-0.419036
0.645445,-0.852527,-0.523973
0.894947,-0.636488,-0.263689
0.499835,-0.774960,-0.696783
0.853529,-0.960232,-0.365258
0.644945,-0.842742,-0.503985
0.485123,-0.794112,-0.190741
0.687988,-0.916445,-0.063001
0.720280,-0.910032,-0.234877
0.924483,-0.695727,-0.495452
0.799787,-0.727274,-0.545099
0.515112,-0.897408,-0.460154
0.670187,-0.895030,-0.872095
0.670691,-0.858041,-0.400756
0.792612,-0.653831,-0.509378
0.434747,-0.736944,-0.604078
0.743394,-0.435212,-0.170683
0.882534,-0.798649,-0.414802
0.758648,-0.607904,-0.599976
0.619782,-0.785358,-0.212500
0.561636,-0.847962,-0.813504
0.502586,-0.906609,-0.511227
0.820029,-0.821740,-0.345142
0.963269,-0.850016,-0.280621
0.687026,-0.798488,-0.316598
0.446635,-0.786731,-0.400137
0.735841,-0.672781,-0.435856
0.623728,-0.712202,-0.647067
0.074208,-0.570799,-0.646076
0.067377,-0.509872,-0.696235
-0.161831,-0.501005,-0.524527
-0.043242,-0.360066,-0.461623
0.215570,-0.620933,-0.508510
0.022545,-0.595245,-0.739558
0.064481,-0.478407,-0.651982
0.112016,-0.273748,-0.487638
0.082097,-0.572943,-0.647960
0.333667,-0.560161,-0.354667
0.075520,-0.584494,-0.541539
-0.005008,-0.489949,-0.689359
0.071012,-0.449511,-0.576267
0.203294,-0.640541,-0.598204
0.039234,-0.607780,-0.648691
0.047948,-0.426818,-0.718011
-0.004134,-0.526190,-0.647889
0.058316,-0.687401,-0.473602
0.238840,-0.448595,-0.502053
-0.084634,-0.551425,-0.720108
0.006478,-0.438526,-0.436606
0.149893,-0.630553,-0.834301
-0.011722,-0.371398,-0.549563
0.053543,-0.600734,-0.576529
-0.169383,-0.593848,-0.740954
0.257493,-0.557811,-0.511593
0.174139,-0.613284,-0.710421
0.099558,-0.408033,-0.728671
-0.121076,-0.470397,-0.539287
0.226155,-0.482333,-0.779345
0.044211,-0.356815,-0.574577
0.172225,-0.537040,-0.445137
0.155046,-0.477744,-0.441177
0.178589,-0.575639,-0.608201
0.059228,-0.376317,-0.663548
-0.043595,-0.576178,-0.506709
0.145754,-0.395197,-0.551100
0.249162,-0.559547,-0.500972
0.177492,-0.561008,-0.540647
0.182932,-0.433384,-0.515447
0.106578,-0.626095,-0.541126
0.243752,-0.543203,-0.531061
0.023619,-0.537237,-0.702074
0.176378,-0.540871,-0.663124
0.027525,-0.611253,-0.494141
-0.068949,-0.469850,-0.740502
0.108801,-0.542810,-0.733676
0.006889,-0.559482,-0.514796
0.013235,-0.496718,-0.684838
0.067891,-0.518687,-0.524711
0.291707,-0.510478,-0.732796
0.165953,-0.509169,-0.483979
0.026986,-0.365444,-0.651786
0.001790,-0.666389,-0.672659
0.145869,-0.462640,-0.734315
0.189090,-0.466834,-0.777628
-0.040632,-0.365235,-0.540827
0.087319,-0.341160,-0.434917
0.039370,-0.536162,-0.713734
-0.046061,-0.402813,-0.560110
0.108050,-0.531737,-0.733604
0.265759,-0.553701,-0.621905
0.061662,-0.618380,-0.742995
0.063024,-0.367315,-0.651404
0.115372,-0.599976,-0.911014
0.032868,-0.626353,-0.613863
0.076369,-0.282094,-0.452164
0.293773,-0.508801,-0.376474
0.048231,-0.503941,-0.708620
0.078885,-0.579586,-0.540621
0.039185,-0.490928,-0.550763
0.213658,-0.492253,-0.675503
-0.028865,-0.486479,-0.691899
0.253637,-0.380256,-0.603877
0.275573,-0.400175,-0.549830
0.074872,-0.471268,-0.631471
0.158087,-0.545085,-0.538858
0.196966,-0.551007,-0.575230
0.035640,-0.367592,-0.558303
-0.051436,-0.426728,-0.526890
-0.044358,-0.584848,-0.649578
-0.004707,-0.487631,-0.638084
-0.070390,-0.603629,-0.679098
0.128652,-0.500827,-0.513902
-0.008675,-0.457674,-0.650330
0.093033,-0.445047,-0.768202
0.037996,-0.588231,-0.694116
0.223310,-0.510831,-0.391733
0.008558,-0.422804,-0.568921
-0.048138,-0.514264,-0.614816
0.204423,-0.362095,-0.538837
-0.022220,-0.449584,-0.648339
0.211841,-0.299936,-0.465059
-0.120484,-0.312980,-0.558809
-0.059645,-0.452940,-0.495572
-0.007122,-0.364070,-0.700841
0.153004,-0.434500,-0.579790
0.008396,-0.426255,-0.458844
0.084646,-0.468072,-0.620053
0.172392,-0.632699,-0.601693
0.006627,-0.024764,0.448133
-0.115808,0.154526,0.397118
0.174495,-0.308935,0.254774
-0.366097,-0.074071,0.473462
0.029407,-0.106531,0.264713
0.113324,-0.176125,0.444671
-0.060867,-0.009934,0.271742
-0.236188,-0.015855,-0.062478
-0.021771,-0.010513,0.326803
-0.009519,-0.586499,0.356757
0.289286,-0.154614,0.474718
-0.061238,-0.113761,0.060847
0.107787,-0.256979,0.429636
-0.167413,-0.359125,0.404505
-0.208253,-0.378700,0.384539
0.445071,-0.085972,0.398053
0.002165,-0.382037,0.251595
-0.045390,0.029633,0.359435
-0.100493,0.008806,0.365918
0.089090,-0.154590,0.396425
0.117888,-0.100774,0.156393
0.003022,0.118418,0.057948
-0.082859,0.078863,0.381364
0.111790,-0.067653,0.392320
-0.205034,-0.293247,0.189349
-0.053477,-0.182697,0.574668
-0.199346,-0.044793,0.344736
-0.201606,0.105757,0.052607
0.078910,-0.089024,0.494397
-0.243642,-0.069583,0.236673
-0.168465,-0.227000,0.158442
-0.010588,0.116808,0.475562
-0.017743,-0.112056,0.295087
-0.142188,0.023949,0.404411
-0.042862,-0.316896,0.004513
0.033565,-0.064278,0.335575
0.056919,-0.170436,0.467327
0.079168,-0.080216,0.198603
0.174511,-0.357870,0.184472
-0.085492,0.231541,0.230378
-0.094574,-0.178188,0.393588
0.127885,-0.333356,0.305541
0.073262,0.056120,0.407575
-0.029064,0.009033,0.111365
0.086614,-0.092900,0.133000
-0.020764,-0.300036,0.732666
-0.203865,-0.000882,0.156182
-0.055264,-0.169779,0.293434
-0.405758,-0.287710,0.319529
0.152494,-0.017463,0.380345
-0.031481,-0.111360,0.317664
-0.017193,-0.338989,0.497453
-0.276355,-0.054020,0.254701
0.106833,-0.278699,0.239753
-0.074109,-0.363641,0.350999
-0.025519,0.064506,0.243947
-0.055697,0.031226,0.324290
-0.030275,0.071153,0.074121
0.196218,-0.074650,0.291638
0.024013,0.132974,0.210321
-0.022611,-0.156958,0.305409
0.001734,0.061707,0.122782
0.103629,-0.171922,0.069727
-0.333497,-0.452940,0.149906
0.078073,-0.137269,0.384810
-0.320585,-0.083580,0.195709
-0.018954,-0.026650,0.531318
-0.155991,-0.170545,0.138960
-0.151159,0.069664,0.405312
-0.103010,-0.177769,0.067613
0.220427,-0.101725,0.302297
-0.226119,-0.303521,0.381777
-0.263394,-0.014684,0.455026
-0.219928,-0.281454,0.489406
-0.069328,-0.161561,0.365477
0.078309,-0.130538,0.204009
-0.114878,0.078624,0.660420
-0.090860,0.085935,0.387758
0.185697,-0.059589,0.313443
-0.269884,-0.033411,0.452449
-0.089488,0.119645,0.344112
0.176016,-0.108193,0.393890
-0.069403,-0.253652,0.144129
0.167410,-0.118867,0.070146
-0.343214,-0.267092,0.305911
0.189058,-0.133142,0.145193
-0.218677,-0.247104,0.286052
-0.120810,-0.188521,0.171854
0.002932,-0.091367,0.369392
-0.298802,-0.410123,0.414565
-0.202624,0.010659,0.337773
0.211797,0.190770,0.372310
0.086977,-0.023605,0.376040
-0.116818,-0.051504,0.349346
0.003877,-0.185675,0.367935
-0.300193,-0.144323,0.050366
-0.346681,-0.083958,0.617118
-0.069975,-0.199440,0.147746
-0.050356,-0.032770,0.415989
0.203170,-0.074245,0.552918
-0.684877,0.099404,-0.165681
-0.650089,-0.215057,-0.100302
-0.537802,-0.198884,-0.258148
-0.585856,-0.126479,-0.240605
-0.651987,0.175163,-0.335472
-0.465429,0.174269,-0.297456
-0.767533,-0.019180,-0.376204
-0.543201,-0.225732,-0.159221
-0.820932,-0.425491,-0.067319
-0.817432,-0.189595,-0.211216
-0.535834,-0.195846,-0.039021
-0.604575,-0.541087,-0.429489
-0.853846,-0.057589,-0.357675
-0.613811,0.064370,-0.108204
-0.680648,-0.056694,-0.293339
-0.459244,-0.301860,-0.129157
-0.904848,-0.194857,-0.003385
-0.947070,0.018283,-0.254600
-0.854449,-0.115108,0.079950
-0.823323,0.012495,-0.378345
-0.881446,-0.146941,-0.166207
-0.942750,0.004858,-0.299276
-0.728357,0.062373,0.069319
-0.769658,-0.027490,-0.217430
-0.499004,-0.122673,-0.152557
-0.926508,-0.051653,-0.101402
-0.881082,-0.144317,-0.421558
-0.817656,-0.305806,-0.276695
-0.627684,-0.265726,-0.159167
-0.843475,0.049804,-0.263714
-0.745764,-0.498682,0.046724
-0.529214,-0.032517,-0.255112
-0.789081,-0.064310,-0.542839
-0.746895,0.329807,-0.264827
-0.988864,-0.238113,-0.364115
-0.637477,-0.143097,0.158241
-0.942352,-0.535198,-0.201080
-0.850138,-0.041973,0.005605
-0.691244,0.145576,-0.237572
-0.739939,-0.157756,-0.034936
-0.885069,-0.393271,-0.314099
-0.687365,-0.242819,0.099732
-0.792043,0.008466,-0.345135
-0.422585,-0.424324,-0.432451
-0.738157,0.575446,-0.253688
-0.806460,-0.356832,-0.011889
-0.691916,0.033894,0.000324
-0.803160,-0.182691,-0.253995
-0.693148,-0.142708,0.083159
-0.848765,-0.058939,-0.357326
-0.843963,0.129825,-0.301514
-0.791418,-0.158515,-0.497758
-0.761265,-0.155086,-0.467545
-0.581848,-0.061307,-0.213869
-0.852085,-0.150259,-0.072247
-0.786554,-0.172484,-0.382465
-0.646055,-0.063907,-0.345305
-0.894726,-0.280637,-0.287198
-0.869763,0.044143,-0.306679
-0.786491,-0.101068,-0.103192
-0.445477,0.072838,-0.326685
-0.940395,0.072616,-0.145425
-0.641035,0.030902,-0.510069
-0.720647,-0.196275,-0.018210
-0.943990,-0.203460,-0.335286
-0.966139,-0.047834,0.000916
-0.866539,0.176045,-0.092566
-0.947696,-0.190496,-0.150944
-0.884482,-0.273063,-0.475691
-0.836945,0.019108,-0.123536
-0.389420,-0.131475,-0.210938
-0.872868,0.015368,0.022688
-0.854521,0.112950,0.044578
-0.549927,0.032098,-0.206505
-0.942436,-0.337145,-0.093640
-0.690155,-0.027192,-0.049858
-0.983541,-0.464123,-0.227723
-0.939477,-0.012662,-0.139371
-0.824769,0.294671,-0.338867
-0.424525,-0.238193,-0.115308
-0.772159,0.034544,-0.436924
-0.521733,0.000504,-0.205354
-0.995770,0.095790,-0.432114
-0.806952,-0.117759,-0.191813
-0.835438,0.020099,-0.234350
-0.614131,-0.073409,-0.300128
-0.828330,-0.002160,0.036565
-0.433862,-0.072368,0.147665
-0.513782,0.187527,-0.246473
-0.997738,0.017975,-0.308322
-0.532396,-0.342614,-0.393378
-0.537420,-0.342778,-0.146552
-0.682624,-0.257938,-0.080204
-0.871850,0.071982,-0.268281
-0.861708,-0.258097,-0.403664
-0.932574,-0.113015,-0.017166
-0.649860,-0.172940,-0.178044
-0.641277,-0.148058,-0.046732
-0.315243,0.367027,-0.329288
-0.568880,-0.381250,-0.334764
-0.489743,-0.882200,-0.051943
-0.636455,-0.796193,0.408606
-0.872862,-0.415114,-0.006293
-0.353117,-0.775713,-0.302531
-0.591799,-0.639664,0.298987
-0.294218,-0.637909,0.553519
-0.693504,-0.957172,0.338786
-0.472056,-0.914925,-0.156792
-0.538688,-0.957778,0.176621
-0.644053,-0.919069,-0.382583
-0.409137,-0.881187,0.562147
-0.604849,-0.845398,0.042201
-0.115025,-0.517349,0.173226
-0.336640,-0.641393,-0.044670
-0.517962,-0.874367,0.136209
-0.307757,-0.980941,0.219790
-0.596011,-0.655050,0.332185
-0.342994,-0.766297,-0.094986
-0.724824,-0.281822,0.191779
-0.902663,-0.799907,0.011736
-0.267172,-0.997008,0.291540
-0.049479,-0.450790,0.343901
-0.483959,-0.684338,0.209102
-0.619408,-0.561590,-0.041446
-0.234677,-0.915486,0.270725
-0.364943,-0.558575,-0.065128
-0.713675,-0.926275,-0.115923
-0.592417,-0.797087,0.305511
-0.812203,-0.951293,0.211095
-0.144294,-0.919688,0.012611
-0.536459,-0.728982,-0.025603
-0.497824,-0.746704,0.575784
-0.505776,-0.614262,0.249180
-0.705121,-0.765703,0.547141
-0.501164,-0.995396,0.016649
-0.897679,-0.701874,0.447979
-0.749189,-0.914480,-0.096465
-0.444387,-0.970419,0.209596
-0.460598,-0.560054,0.778020
-0.746195,-0.995713,0.292745
-0.433294,-0.564825,-0.183287
-0.479476,-0.752126,0.350657
-0.322401,-0.945328,-0.109537
-0.335700,-0.722331,0.444595
-0.711451,-0.724087,0.428416
-0.263125,-0.693994,0.282670
-0.851919,-0.717697,0.248843
-0.418687,-0.283916,0.357714
-0.447282,-0.709908,0.341019
-0.579130,-0.656938,0.069212
-0.519812,-0.786015,0.018813
-0.401672,-0.710745,0.311664
-0.310304,-0.880740,-0.023214
-0.474728,-0.647690,0.244405
-0.332699,-0.941444,0.010494
-0.729866,-0.871381,0.205691
-0.379846,-0.906673,0.077205
-0.491651,-0.720907,-0.332130
-0.473520,-0.707661,0.118334
-0.542783,-0.783890,0.095332
-0.540614,-0.934412,0.005057
-0.417794,-0.899639,-0.190160
-0.803219,-0.995996,-0.008659
-0.571768,-0.918585,0.201910
-0.418304,-0.482237,-0.093973
-0.683999,-0.741232,0.265801
-0.324103,-0.992327,0.302737
-0.808722,-0.839170,0.179827
-0.512644,-0.929241,0.427291
-0.436372,-0.542885,0.325947
-0.225769,-0.866225,0.417921
-0.415211,-0.617514,0.406509
-0.379067,-0.603901,-0.012224
-0.496998,-0.921505,0.281461
-0.574006,-0.967367,0.241361
-0.520198,-0.823707,-0.147205
-0.556480,-0.677990,0.257750
-0.605910,-0.841848,0.661585
-0.355956,-0.631974,0.488990
-0.189072,-0.921161,0.470998
-0.250132,-0.888667,0.169309
-0.559674,-0.787183,0.233105
-0.503805,-0.992475,0.165256
-0.711390,-0.804277,0.295565
-0.595468,-0.684882,0.158921
-0.214056,-0.597192,0.121788
-0.363656,-0.927243,0.398678
-0.654016,-0.989609,0.102745
-0.670699,-0.878746,0.031464
-0.915794,-0.539564,0.197259
-0.366060,-0.954154,0.388065
-0.440658,-0.757775,0.481002
-0.450496,-0.939684,0.310229
-0.182725,-0.566641,-0.021805
-0.236498,-0.674650,0.180124
-0.569625,-0.944011,0.374951
-0.309883,-0.909384,0.312869
-0.600334,-0.974274,0.439806
-0.362380,-0.979753,-0.206016
-0.440530,-0.737726,0.077177
0.510974,0.640021,0.358546
0.777788,0.178025,0.672350
0.446169,0.186896,0.637993
0.793280,0.318421,0.704796
0.577618,0.577999,0.823534
0.813980,0.621593,0.370945
0.866636,0.334876,0.380093
0.597690,0.054486,0.648396
0.703254,0.477081,0.459240
0.838786,0.523596,0.684039
0.746299,0.363185,0.661608
0.836286,0.608305,0.778723
0.623454,0.542422,0.611109
0.494598,0.400115,0.658492
0.742957,0.641299,0.332543
0.669436,0.729077,0.529308
0.878733,0.674113,0.609100
0.769748,0.724664,0.600037
0.799980,0.522617,0.637287
0.822347,0.645591,0.489942
0.724836,0.391609,0.626444
0.510298,0.409936,0.673741
0.625804,0.460312,0.593189
0.908794,0.402102,0.413320
0.807817,0.536163,0.560833
0.608739,0.464162,0.422471
0.710023,0.291671,0.713232
0.774695,0.289799,0.548942
0.909745,0.712023,0.504105
0.516439,0.623133,0.450886
0.896540,0.597155,0.632630
0.668180,0.641553,0.520367
0.773525,0.511056,0.494900
0.848459,0.400379,0.462846
0.790200,0.661415,0.602596
0.455103,0.437065,0.471300
0.770479,0.635403,0.450212
0.580973,0.508619,0.590466
0.830661,0.504090,0.093608
0.628730,0.215399,0.877895
0.946416,0.326511,0.639308
0.425679,0.491727,0.761222
0.649571,0.701566,0.468876
0.934405,0.310036,0.192257
0.727177,0.479459,0.508362
0.864276,0.707239,0.598683
0.925404,0.534546,0.848188
0.655299,0.440116,0.386284
0.730331,0.293161,0.718719
0.398617,0.238959,0.460850
0.864836,0.288817,0.611846
0.991652,0.301529,0.889836
0.817187,0.246073,0.450868
0.979539,0.447497,0.422531
0.487193,0.548767,0.840356
0.781902,0.600384,0.495512
0.678645,0.594871,0.396962
0.948979,0.488385,0.292258
0.614320,0.304384,0.745634
0.743331,0.564108,0.701831
0.814016,0.431155,0.182673
0.703923,0.322238,0.671889
0.741166,0.270578,0.875733
0.697775,0.626614,0.590777
0.835430,0.239345,0.607851
0.667606,0.494289,0.499126
0.881318,0.774158,0.534764
0.844427,0.293315,0.680385
0.780702,0.577253,0.610265
0.798338,0.707542,0.416013
0.706008,0.384877,0.190282
0.668314,0.677904,0.506447
0.977172,0.363639,0.180767
0.734615,0.387902,0.626048
0.757744,0.937537,0.746457
0.794715,0.295076,0.656103
0.767790,0.546925,0.502765
0.878536,0.323023,0.617207
0.359654,0.476179,0.521265
0.720102,0.473669,0.472041
0.607897,0.321319,0.743415
0.869890,0.106766,0.714741
0.737780,0.498267,0.428900
0.950610,0.490635,0.370440
0.643675,0.415593,0.574668
0.715708,0.205579,0.092864
0.974739,0.532111,0.600753
0.754751,0.315609,0.759353
0.699322,0.757315,0.629508
0.596344,0.361239,0.544248
0.663936,0.375595,0.639602
0.573401,0.436957,0.538412
0.622912,0.515073,0.669217
0.492655,0.768729,0.899279
0.751411,0.821880,0.406662
0.581832,0.690709,0.513860
0.631046,0.512877,0.805403
0.856915,0.664776,0.662775
0.908607,0.371359,0.606676
0.659831,0.552291,0.542156
0.400881,-0.726278,-0.003669
0.824099,-0.460630,0.057599
0.533298,-0.366889,0.148486
0.216837,-0.765530,0.287045
0.345031,-0.265291,-0.012345
0.542475,-0.479049,0.216395
0.447450,-0.511941,0.112921
0.476798,-0.943022,0.049969
0.214966,-0.357964,0.226867
0.656886,-0.548054,-0.071390
0.499306,-0.660737,0.443663
0.484820,-0.401287,0.254744
0.728512,-0.522258,0.201508
0.600472,-0.527306,-0.002797
0.611591,-0.394294,0.086158
0.292091,-0.529431,0.029950
0.358960,-0.492414,0.219426
0.219551,-0.801792,-0.088144
0.541217,-0.488726,0.304667
0.225003,-0.500288,0.087417
0.505332,-0.542752,0.118019
0.410646,-0.759991,0.111634
0.178957,-0.863368,0.279174
0.343607,-0.409636,0.223061
0.404032,-0.556463,0.232894
0.783276,-0.147552,0.084441
0.298992,-0.510337,0.046046
0.554865,-0.443360,-0.073187
0.629850,-0.312683,0.261967
0.505240,-0.402492,0.273766
0.252477,-0.334232,0.010599
0.610894,-0.580067,0.395782
0.591440,-0.485209,0.373127
0.407824,-0.631658,-0.229515
0.540477,-0.463476,0.268916
0.656219,-0.544517,0.170123
0.375588,-0.573566,-0.017021
0.613800,-0.716783,-0.014686
0.314331,-0.700636,0.164892
0.426980,-0.517493,0.327512
0.465779,-0.749650,0.154074
0.343485,-0.654449,0.125992
0.504574,-0.493881,-0.024569
0.420868,-0.697790,0.184412
0.602277,-0.424256,0.228753
0.534091,-0.606948,0.211621
0.182685,-0.481659,0.108595
0.563543,-0.611246,0.240827
0.455064,-0.404650,0.079822
0.453310,-0.763534,0.124513
0.558246,-0.706094,0.097685
0.292340,-0.770385,0.266215
0.707669,-0.411798,0.191992
0.404466,-0.826470,0.147454
0.400524,-0.708140,0.284688
0.430466,-0.412783,0.109783
0.185416,-0.350833,0.323601
0.538362,-0.377346,-0.065472
0.203723,-0.458470,0.212025
0.617709,-0.596625,0.270084
0.490857,-0.350656,0.300348
0.515424,-0.596264,0.130952
0.420325,-0.493259,0.005819
0.036643,-0.851963,-0.057917
0.415046,-0.369009,0.008684
0.427437,-0.785007,0.187007
0.019917,-0.530547,0.016386
0.477079,-0.607840,0.296099
0.452857,-0.685309,-0.019375
0.358980,-0.421134,0.094773
0.653738,-0.499266,0.345824
0.441923,-0.958872,0.090336
0.506369,-0.288317,0.069676
0.544088,-0.500196,0.016687
0.493282,-0.628708,0.171911
0.366365,-0.527455,0.278162
0.465707,-0.808247,0.245541
0.587007,-0.619201,0.077463
0.464998,-0.845081,0.184732
0.404237,-0.416207,0.112848
0.545760,-0.416017,0.146345
0.366389,-0.580903,0.239549
0.367326,-0.898663,0.215070
0.138051,-0.383521,0.283073
0.367215,-0.402955,0.079218
0.407289,-0.702926,-0.004999
0.528494,-0.618795,0.427899
0.321277,-0.420412,0.178335
0.333809,-0.561685,0.201403
0.493214,-0.652940,0.105524
0.079638,-0.449199,0.328693
0.433651,-0.624609,-0.305658
0.337717,-0.494989,0.020433
0.639345,-0.554069,0.200460
0.182198,-0.461723,0.105237
0.479585,-0.510730,0.343864
0.551585,-0.657896,0.259869
0.631170,-0.507308,0.212498
0.381032,-0.722058,0.077632
0.395436,-0.448064,0.107415
